44.06193317
52.3364573
181.4937978
72.03470954
114.0996969
161.5144556
157.2431498
15.7001717
190.5924436
109.2771769
32.25368309
141.53336
197.292821
23.56990134
187.784978
57.79287007
84.11662769
77.94287443
186.3552884
122.9664871
66.38713873
47.57007407
11.50392623
59.98362186
71.10458131
12.53002755
47.72467861
11.87817342
13.37641366
58.70586399
135.0749648
21.68864732
152.8277048
169.2040808
167.3487229
196.8100014
74.11383187
47.9221102
25.51355822
157.8060349
22.82637502
114.1575925
65.40745202
98.00162243
164.0157654
76.88902944
79.94135327
129.9523404
173.856134
21.39039953
179.4223665
115.8160018
59.94215719
162.8854004
52.25612478
139.4085632
136.6289552
37.65509177
40.559291
56.6386997
179.7913244
55.27164336
91.96442041
107.7694952
100.3265885
193.9895813
104.2033431
184.9993538
133.9233304
32.71079899
141.2244462
38.91409454
99.5994615
188.1151362
134.7526517
63.20466492
107.1470898
131.3406578
97.63245475
170.9514062
83.83407926
193.0823326
144.1793092
118.9359993
181.8917044
97.83757239
11.12589561
12.9208419
81.56038308
187.3647598
197.9625214
175.8632015
119.2030164
158.3164656
157.9959554
129.6355386
155.0058514
141.2656215
198.992817
73.07029322
163.2820356
22.30830222
166.7191504
133.242149
33.94584788
193.7445316
107.4224619
43.2466163
190.5244619
163.5821862
65.20589249
131.5197685
42.73892355
49.03460325
136.4507586