0.110154833
0.130841143
0.453734495
0.180086774
0.285249242
0.403786139
0.393107875
0.039250429
0.476481109
0.273192942
0.080634208
0.3538334
0.493232053
0.058924753
0.469462445
0.144482175
0.210291569
0.194857186
0.465888221
0.307416218
0.165967847
0.118925185
0.028759816
0.149959055
0.177761453
0.031325069
0.119311697
0.029695434
0.033441034
0.14676466
0.337687412
0.054221618
0.382069262
0.423010202
0.418371807
0.492025004
0.18528458
0.119805276
0.063783896
0.394515087
0.057065938
0.285393981
0.16351863
0.245004056
0.410039414
0.192222574
0.199853383
0.324880851
0.434640335
0.053475999
0.448555916
0.289540005
0.149855393
0.407213501
0.130640312
0.348521408
0.341572388
0.094137729
0.101398228
0.141596749
0.449478311
0.138179108
0.229911051
0.269423738
0.250816471
0.484973953
0.260508358
0.462498385
0.334808326
0.081776997
0.353061116
0.097285236
0.248998654
0.470287841
0.336881629
0.158011662
0.267867725
0.328351645
0.244081137
0.427378516
0.209585198
0.482705832
0.360448273
0.297339998
0.454729261
0.244593931
0.027814739
0.032302105
0.203900958
0.4684119
0.494906304
0.439658004
0.298007541
0.395791164
0.394989889
0.324088847
0.387514629
0.353164054
0.497482043
0.182675733
0.408205089
0.055770756
0.416797876
0.333105373
0.08486462
0.484361329
0.268556155
0.108116541
0.476311155
0.408955466
0.163014731
0.328799421
0.106847309
0.122586508
0.341126897